5
10 96
1 5 5 2 0
3 2 2 2 0
3 10 5 4 0
4 1 4 5 0
5 4 4 3 1
5 5 3 1 0
8 9 1 3 1
10 7 2 5 0
16 1 5 3 1
16 10 4 3 0
16 3 2 1 1
19 8 5 4 1
19 10 3 5 1
20 9 4 4 1
21 1 4 5 0
22 10 4 2 1
22 2 2 2 0
23 5 3 2 0
24 8 1 5 1
24 8 1 4 0
25 4 4 5 0
26 1 1 3 1
26 10 3 1 1
27 6 2 3 1
27 3 2 4 1
28 8 4 5 0
29 5 5 2 0
31 10 2 5 1
31 10 1 2 0
32 7 4 1 0
33 6 5 1 0
33 10 3 1 0
35 6 3 5 1
35 7 2 5 1
36 7 1 3 1
37 2 3 4 1
37 4 4 4 1
37 2 3 3 0
39 9 1 1 1
40 6 5 4 1
41 2 4 4 0
42 5 3 2 0
42 4 1 1 0
42 7 3 4 0
44 2 5 5 1
44 8 5 3 0
46 10 4 4 0
48 1 5 1 0
49 8 5 4 1
50 1 5 2 0
50 5 1 5 0
50 5 4 1 0
51 8 5 5 0
51 4 5 5 0
52 2 4 1 1
52 4 1 3 0
56 7 3 1 1
56 8 2 1 1
59 8 1 5 0
60 6 2 5 0
60 9 4 4 1
60 7 3 4 1
61 1 2 5 0
61 6 3 4 0
62 10 3 4 1
63 6 1 4 0
64 7 1 3 0
65 7 5 3 1
66 7 1 1 0
68 6 2 1 1
69 5 1 5 0
70 6 4 1 0
72 10 4 5 1
72 10 2 5 1
76 8 1 5 0
78 9 3 5 0
81 2 5 4 1
84 4 4 4 1
86 5 4 3 0
87 7 2 4 0
87 1 5 5 0
88 8 4 4 0
88 10 2 3 1
89 4 4 4 0
89 9 5 2 0
90 1 2 4 0
90 2 4 5 1
91 6 2 1 1
93 4 1 3 0
96 1 2 1 0
98 7 5 4 1
98 7 1 2 0
99 5 3 2 0
99 10 1 3 0
99 7 2 3 1
100 4 4 3 1
7 75
1 6 4 1 1
1 5 5 5 0
1 6 4 5 1
2 7 5 5 1
2 3 5 3 0
3 6 3 1 1
4 2 5 3 0
6 1 4 5 0
6 5 5 3 1
7 7 2 3 0
7 7 1 1 1
10 1 2 3 1
12 7 3 1 1
12 6 3 2 0
15 4 4 5 1
15 4 2 1 0
15 7 1 3 1
16 3 4 1 0
19 1 1 1 1
22 6 4 4 1
23 6 5 3 0
24 5 2 4 0
24 7 5 1 0
25 1 4 4 0
28 5 3 5 0
32 3 3 3 0
34 4 2 1 0
37 6 1 3 0
37 4 1 5 1
37 5 4 1 0
37 5 4 4 0
37 7 5 1 0
38 4 5 4 0
39 3 5 5 0
40 2 5 1 0
41 2 2 2 1
43 6 2 2 1
44 6 5 1 0
45 1 1 3 1
46 4 2 4 1
46 4 5 2 1
47 4 2 2 1
53 4 5 5 1
53 5 3 4 1
59 7 1 4 1
59 5 5 5 1
60 3 3 1 0
62 4 1 1 1
63 7 1 2 1
63 3 2 3 1
64 4 2 2 0
65 3 1 2 0
66 1 5 1 1
69 6 2 2 1
71 7 1 1 0
72 4 1 5 0
73 7 3 1 1
73 5 2 1 1
74 5 5 3 1
74 2 4 2 1
74 2 2 5 0
76 4 4 4 0
77 7 2 1 1
79 2 4 5 1
82 5 5 1 0
82 5 3 2 0
82 6 5 4 1
84 2 2 4 0
88 6 3 5 0
88 6 1 3 0
93 6 4 4 1
93 7 4 3 0
93 5 5 3 0
96 4 2 1 0
97 2 5 4 0
6 60
1 6 3 4 0
9 5 4 4 0
13 3 1 5 1
16 5 5 5 0
17 2 2 5 1
17 2 1 3 0
18 4 5 1 1
19 2 1 2 1
23 6 2 2 1
26 4 5 1 1
26 4 2 5 0
26 5 4 4 0
26 1 4 5 1
31 4 3 4 1
31 3 2 4 1
32 4 2 5 1
32 2 1 2 1
33 3 1 3 0
34 6 3 2 1
35 6 3 4 1
35 4 5 1 1
35 6 1 5 1
37 1 5 4 1
37 1 3 5 1
38 5 4 2 0
38 4 3 2 0
39 3 5 2 1
42 1 2 1 1
45 4 3 1 0
46 1 4 5 0
50 6 5 3 1
53 2 4 2 1
55 5 3 1 0
58 5 4 2 1
59 4 5 2 0
59 5 3 3 0
59 4 3 2 1
63 4 2 3 1
64 6 3 2 1
68 4 5 5 1
70 2 4 3 0
75 6 3 5 0
76 5 1 2 1
78 3 4 5 1
79 4 4 1 1
80 6 2 5 0
83 2 3 5 1
83 4 3 2 0
84 1 4 2 1
85 3 2 4 0
86 2 2 2 1
87 3 2 4 1
90 4 2 5 1
91 3 1 3 1
92 1 1 1 0
96 5 4 2 1
99 1 5 5 1
99 6 2 2 0
100 2 1 4 0
100 4 3 1 1
10 69
2 6 5 5 0
3 9 4 3 0
4 9 5 1 0
5 6 2 2 0
9 6 1 2 1
12 3 4 1 0
12 6 2 1 0
14 9 1 2 1
16 8 5 2 1
17 10 3 2 1
25 7 4 1 0
25 9 1 4 0
26 6 2 5 0
27 4 2 4 1
28 7 3 1 0
29 1 3 5 1
31 8 1 1 1
31 6 4 2 0
38 7 3 5 0
39 8 4 4 0
41 4 5 5 0
42 9 1 4 1
42 2 5 2 1
44 9 1 1 0
44 9 3 2 1
48 10 1 4 1
51 7 5 1 0
53 7 5 1 0
54 10 3 5 1
54 4 5 5 0
54 1 5 2 1
55 10 5 3 1
57 4 3 2 1
57 1 1 3 1
58 2 4 5 1
59 9 2 1 1
60 3 2 2 1
60 4 4 4 0
62 1 1 5 1
62 8 5 4 0
64 1 2 2 0
65 8 2 5 0
65 8 5 2 0
67 6 3 2 0
70 3 1 3 1
70 3 2 3 0
71 4 4 5 0
73 3 2 5 0
74 4 5 4 1
76 2 4 4 0
79 6 2 5 1
79 8 3 4 0
79 9 3 3 1
82 6 1 3 1
83 3 5 1 1
83 6 5 5 1
83 7 3 5 0
87 9 4 4 1
89 8 4 1 1
93 7 3 3 0
93 1 1 3 0
93 5 5 3 0
93 4 4 3 1
93 2 5 4 1
95 4 4 4 1
95 8 5 4 1
97 6 4 5 0
99 8 5 3 1
100 1 3 5 0
9 53
3 4 2 2 1
5 7 4 5 1
9 4 5 1 0
10 5 3 4 1
11 2 5 3 1
12 4 4 2 0
13 1 4 4 0
14 8 4 4 1
16 8 5 1 1
19 3 1 2 0
19 5 4 1 1
20 6 4 3 1
23 7 5 1 1
25 8 2 1 1
25 6 5 3 1
28 8 5 4 1
34 4 4 4 0
35 2 2 3 0
38 3 3 1 0
39 5 4 2 1
40 9 3 5 0
41 7 5 1 1
43 9 5 5 0
46 1 2 5 0
47 2 4 5 0
49 3 5 3 1
50 1 3 5 0
51 4 2 4 0
51 1 1 2 0
53 4 3 1 0
56 8 2 1 0
58 1 2 5 0
60 5 4 1 0
61 7 3 5 1
63 4 1 1 1
66 9 4 5 0
66 7 1 2 1
72 5 5 4 0
75 7 4 3 1
76 1 1 4 1
76 9 3 1 0
77 4 1 3 0
78 2 1 5 1
78 8 2 1 0
79 4 2 2 1
80 6 4 2 0
83 1 5 3 0
84 1 3 1 1
87 2 1 2 0
89 9 4 2 1
90 1 1 3 0
96 4 3 5 0
99 4 3 4 1
