5
94 811
88 94 92 90 85 63 36 91 93 11 58 44 69 69 23 32 36 22 89 71 71 31 63 75 16 92 36 13 16 36 64 73 12 61 95 40 64 70 88 60 52 52 91 26 64 86 74 34 16 67 68 72 62 22 63 68 63 30 53 32 91 25 29 69 12 20 27 82 37 39 27 72 93 28 92 99 64 76 89 24 89 62 84 91 60 95 61 39 99 74 54 94 87 41
99 778
85 89 61 13 77 95 95 63 56 70 13 42 17 40 40 77 24 19 53 84 99 51 36 80 95 82 58 92 23 91 73 28 58 100 91 14 35 19 59 68 17 18 23 43 67 22 98 54 47 30 20 93 85 16 81 94 37 59 87 82 43 33 50 27 96 98 41 97 23 82 80 36 73 61 29 30 72 54 38 88 64 10 36 34 12 43 22 35 86 98 86 90 40 12 65 46 56 31 34
85 546
27 36 70 89 79 41 65 66 47 43 16 32 10 97 66 53 46 49 34 46 19 78 95 92 61 62 33 39 49 27 14 23 30 97 37 86 89 72 80 13 50 20 81 61 78 59 71 57 63 29 15 57 45 86 36 51 95 18 24 38 41 64 37 88 36 41 44 70 81 36 90 86 99 51 75 38 36 95 45 48 27 17 21 30 46
76 695
14 12 90 83 90 43 63 68 75 64 19 74 56 94 95 32 46 44 27 96 25 65 31 21 27 80 100 94 56 85 82 91 36 93 26 26 98 53 22 78 10 80 76 11 66 85 17 88 46 79 51 53 61 67 27 64 73 44 37 17 34 67 24 49 34 72 40 37 64 51 34 63 28 52 100 52
87 621
93 72 14 28 59 91 12 22 80 41 74 47 85 59 19 20 36 87 76 88 46 64 28 93 58 60 63 54 17 82 78 53 55 100 16 32 42 49 61 82 63 34 90 22 12 59 92 12 64 80 72 20 66 95 48 13 72 30 39 43 71 99 66 75 96 41 99 62 33 100 47 94 39 96 32 37 26 18 62 83 58 50 79 96 11 86 77
