5
93 533
48 25 92 95 76 75 96 38 68 22 44 69 21 82 59 77 94 73 11 12 37 49 66 12 51 39 57 84 51 14 78 93 86 30 43 95 76 44 34 52 49 80 40 54 18 50 12 81 85 77 78 80 50 12 28 56 87 36 30 97 12 81 91 31 28 28 67 85 19 80 52 57 85 74 27 37 45 24 36 29 21 46 100 88 96 50 41 49 100 35 41 53 15
86 513
85 85 42 54 73 68 90 35 89 61 96 26 60 16 10 48 41 93 36 100 98 62 55 24 73 11 86 80 98 24 23 18 10 81 68 14 57 72 95 71 31 70 85 35 44 22 53 15 28 26 96 47 39 67 81 35 37 73 91 17 44 13 63 55 48 25 45 53 36 42 66 97 73 14 83 99 31 18 96 45 20 59 32 76 49 22
91 555
40 82 82 41 86 82 68 68 32 16 91 51 15 83 39 80 25 42 29 53 67 92 90 56 85 64 25 79 63 85 97 18 77 52 81 99 83 87 11 10 29 50 62 30 14 63 59 31 75 65 37 69 80 96 34 81 54 72 97 76 55 98 41 47 37 90 47 88 79 92 60 15 53 20 61 49 74 31 35 55 88 34 96 30 78 46 81 57 35 80 58
95 715
53 30 76 46 78 79 75 75 13 35 40 99 80 14 35 21 84 52 66 80 50 41 96 15 59 68 42 40 49 84 54 31 89 79 70 98 59 27 46 53 54 61 54 82 32 87 24 56 13 88 34 29 26 59 68 23 28 77 73 92 16 17 14 71 59 28 85 87 90 27 74 19 60 18 91 31 15 23 98 16 95 38 80 28 68 58 48 40 65 68 42 98 68 26 18
99 738
54 11 44 64 82 47 17 95 57 89 24 25 48 81 20 23 85 62 30 29 77 36 97 20 44 21 70 65 62 68 60 90 68 31 25 86 51 41 46 41 28 94 46 57 44 55 80 28 47 38 23 62 42 93 31 15 69 62 30 74 86 50 60 53 97 79 21 19 95 73 86 39 83 14 31 12 88 18 31 26 59 70 34 38 72 98 40 73 39 78 93 51 53 29 73 20 29 96 69
